A =[
-6 -3 6  1;
-1  2 1 -6;
 3  6 3 -2;
 6 -3 6 -1;
 2 -1 2  3;
-3  6 3  2;
-2 -1 2 -3;
 1  2 1  6];
% the result should be a diagonal matrix
A'*A

